# Created by Octave 6.2.0, Thu Nov 04 09:26:51 2021 -03 <giscard@gprof>
# name: s
# type: matrix
# rows: 1
# columns: 1000
 1.7541974129210642 -0.88629900111528404 4.8601742006908246 -1.5755850612278159 4.0042578320950932 3.336240017779871 0.86523841222811582 3.6102832423452744 4.4717895231520552 5.3566899170575244 2.1780927156313785 -0.21099273445446509 1.7920280823632779 5.6550263307182886 1.176749230733718 -0.24680233967464571 1.1532815819456892 3.3291828631158964 2.8333317345476496 2.4881118033330534 5.0063465925625454 -1.8638043755111426 1.9467722990622482 0.98983226603538199 -2.7312214130884889 1.8331808928745932 -3.1230576125566341 -1.1366350640805258 -3.3973900471111138 -1.5434082824284265 -3.9290158925013885 -3.5469001914004963 0.25585473024014044 -2.9123226104531499 3.5450336244116691 1.0705287372186589 5.3907351106937593 4.4900044907512306 2.2823002929885439 7.2699043982117306 5.448940015914574 4.3301546266766113 1.7915201990640708 -1.5665478821846528 0.17617092963193337 -1.8191648704050243 -0.69275272333882931 -0.42384361066135906 -0.095922509138755122 0.56532687352911604 2.9758505542987499 -0.97978519696967792 -1.7494143879823909 -0.9382466504516227 -2.6790685576246975 1.2750771328397259 -1.3584830796941683 0.059904067203480516 -1.0723027790491542 -5.6698964178480473 -4.7945186368459973 -5.2675560396797536 -1.6874163805802764 -7.3143082439818183 -4.8773529188811962 -2.0717556027011388 1.5488795454991426 -1.811921604805677 -0.18696252773916894 -3.5265170531152319 -0.020390186683676204 0.98517715093200176 2.3122063535998887 0.257598676956448 2.5120418911199049 -0.046641251187826582 -2.2208698583437103 -1.2314734104068379 -0.43458987365521451 -0.18252591809328278 -2.3159277099695141 0.08884461718551151 -4.9873586176320881 -2.0432609838773121 -3.9700107261633173 -0.34123908956803106 -0.69720855012187344 -0.58582485802916562 -0.62347646325628692 -2.8556269932190999 -1.9703684606167369 -5.9498843592786494 0.030384815247907149 -5.4324379444048327 -4.9147771510868159 -4.1230045265472173 -1.1518057025607402 -1.7559056750652819 -5.4004569275204375 -1.8820908725433447 3.5706625887864467 -0.54796931400695392 3.9803972296969583 2.5360469605505216 2.0469912842208844 4.5459113714133705 1.6616486159574979 4.6556840791300891 2.3204711442454586 1.2293789492958958 3.2182368066743505 1.9898686639819139 -0.44323848794630472 -0.10837829752775163 0.31557116569501742 0.99093156876091304 -2.8884587458974775 3.0942885942717955 -0.26786435486129045 1.7776352151857209 2.2111226394585657 2.0290731963057533 -1.4632547129630553 2.8489681500096835 2.3357880858964197 1.1660541809590028 4.9183976263507709 -2.446693399943066 -3.805615187845973 -4.0084686210753375 -1.0931143912870955 -1.3005266297366058 1.2217311757791725 -2.1686988160378142 7.2841120402093669 3.8817433531391217 6.0673870789955728 1.4257908755122943 5.8178126628870555 5.2046066694897384 4.722071524124078 6.4736134100698983 1.817134620165171 -1.4695214837699577 -1.2489357755634054 2.0295535969698744 1.2100460388171528 -0.26181066661822394 1.3524364970165741 2.5197449365833213 0.93715899324364571 0.60152571748367634 -1.5836495465699831 1.5807261560939767 0.28864011870020012 1.5093470609830248 -2.1055116583202511 -3.9022673455666759 -4.6546194879408631 -6.4937401602111722 -4.7888843048226475 -5.2196701705284747 -5.3803305027416677 -5.2761181841677924 -4.5012516186734741 -6.2735446039834857 1.0618478061914867 -2.0291549704257021 2.1445715790938662 -2.128090151833717 -0.58523060302000651 3.2037547885646473 2.0459826903114529 1.798518588085888 3.1634578016833701 -3.7444815038547494 1.1427040020777854 -1.2948671211637237 -0.9463241065475908 -0.059590566153993052 -0.73412398937172152 -5.2149586732522923 0.42312613986647785 -1.7626011229291858 -2.82395233899982 -1.7062631323097595 0.61214242957062392 -2.9973142232802354 1.6928109507959999 -3.3478043698572542 -3.2466908157338779 -1.1242509176693285 -1.4170144391393715 -2.958811773347032 -1.0153984835817438 -3.2233379497380268 -3.5306892527767046 -4.913864000664935 -0.99098824668832264 1.2596424398991442 0.90398630673388036 0.32068958804649839 -1.9986687980782452 5.0519649963261211 1.6217604478042098 6.3304910421733354 4.7274116198264773 2.7818653338807762 4.4359027387420076 -0.79147952243870678 1.6061993946531641 0.96755826664305067 -0.67153617106479757 0.76281694736405736 1.0868046572419843 2.2716918389699616 1.0971029974718347 3.9645523877518776 3.1531647495923307 2.6990238545131957 3.0765742187619711 2.5714328470140266 2.7013383229373704 3.2715668580263939 -2.5738248050998545 -0.21141940147462485 -4.5311970706215181 -4.0628822230485557 -2.344603042174159 -0.1936233537683143 -1.0989857291343736 -1.7698368329346921 -3.1280894730213467 3.5447240811674217 4.6765932499900753 -0.08454813878199241 2.7737387998113525 5.2614695906888604 4.0154856524059896 5.9168094594923852 4.7594512871706627 6.1323118756086696 2.4456462882146131 3.7515933661064618 0.47332483264876457 5.7562394866417801 -2.2245423080557893 -2.0899727482934383 0.72791005453110447 -0.59082340956505941 2.4039023693394386 2.068933601958598 0.53467347406856125 -1.4504266433788682 -2.9356246746060837 -1.6306127929520851 -0.49363894560897215 -1.825032051199158 -3.8677728157960627 -6.657517656614357 -0.72586710309286495 -5.6700126499844634 -7.4398203489642132 -6.2550553215091886 -6.0667300167463454 -1.9367154489178908 -0.95145667787347077 -0.80253938588055573 -3.7751562010739468 -1.986805329838967 0.87562825922861309 4.2017478159872592 0.31827091974366151 2.994597495438617 2.7753167910751788 -0.82545534537595555 -3.1532138646812831 -0.85492488596526905 -4.7074601963406302 -4.5642240437676129 -4.6511393281053559 -3.6101744342240334 2.3273117183931351 -1.6069379802315931 0.67411600604056865 0.25078590662136135 -5.0988829007672782 0.73444331394447082 1.2313163671013994 -4.182306258752325 0.87505233875927324 -4.0087603601956987 -5.0117559257143593 -3.4684454699885015 -7.6790236106138234 -6.6434269079853152 -6.5556382459952038 -1.0501318752562172 -1.8788559262801503 2.8968686104838697 -0.42972276129486831 -3.4702054502970991 1.1824645385827044 3.8464247624654568 1.6318034928617733 0.68166754620414327 5.5631904711801621 4.6568058736774685 4.4610606894545404 3.1457661806064401 3.3662283364008942 1.0984129506842288 -0.3445577204081669 4.0913202251681033 -1.8826546902254131 0.82858968495997454 -0.44521271188214717 -0.47479450370010623 3.5072500403658262 3.3588459923337886 3.4578331295840057 1.5322223296309476 0.41651394499380689 -0.50124027057247966 -1.3818352503052522 0.010692312612309185 0.96740861866907646 -1.0184794963304729 -1.8274037849356628 0.35734868956498689 -3.9033326226889296 0.57742222055877979 1.3068531531924519 1.3183458824365153 3.3547981416187427 1.9776390838853024 3.0225676555070304 3.6635733376637578 5.06583260716579 5.2503563177654389 5.7456630300745628 2.5357303692678466 3.1100793114057375 -2.1398035367634964 3.463415457095528 -0.50236070350585837 -0.32769386865196903 2.1498767410457167 0.34731402120881449 -0.2620719683038189 -4.0287568078125719 2.1575628341567619 1.736865666252253 3.7217355767237308 -0.26385768789829983 -0.43571706083591677 0.36052950949162343 -2.3165640442852475 -5.6715968062853745 -4.4750028290750983 -7.2409942526344198 -6.146791068517663 -5.2630583749735358 -5.349923095599995 -5.8845067860973534 -2.4280078486279941 0.19261482740665903 -0.65666972805010149 -0.62221517415236804 1.1310994028185548 0.72012302806353468 3.2183297173358429 2.734224145225908 4.0333090750827703 -1.7522410557781263 2.2656207224881255 -3.060849123878346 -2.5950635065469481 -1.3063430037253716 -5.9168158030676352 -2.9904453299019118 -7.0941384043034397 -5.6894732939800603 -2.4402895532660769 0.23558207190155689 0.44564591917226037 -1.2215856187067957 -1.9912774525145336 0.86206612177525233 -2.2405638544585118 -2.9482453691591139 -1.403469491933234 -1.6848819040160841 -4.8429205636769099 -3.103966888147534 -4.7490576458596205 -3.6361731864014759 -3.4336699883897488 -3.4773351063765205 -1.640834021737601 